1.22  7.44  2.45  2.35  3.51
2.81  4.58  1.63  3.21  4.23
4.02  3.71  3.44  3.88  7.66
2.23  4.94  2.47  1.56  9.54
2.35  3.49  1.95  1.78  11.35
1.64  3.88  4.56  2.49  6.43
2.08  4.71  7.31  3.11  5.28
1.96  4.32  5.78  4.56  2.14
1.54  4.90  3.40  5.11  4.76
1.63  11.43 5.12  2.36  7.91
3.25  4.63  6.88  2.98  9.33
2.90  4.11  3.21  2.53  18.57
3.44  5.03  3.64  1.77  8.81
2.55  9.12  2.80  1.51  14.31
1.18  1.32  3.47  2.93  10.83
1.78  4.33              8.48
2.56  5.66              9.56
1.36  4.08              9.01
1.83  2.48              12.44
2.40  1.95              7.61
2.61  3.75              7.03
3.02                    8.80
3.18                    6.12
2.97                    5.22
1.99                    7.99
2.57                    6.11
2.13                    5.88
3.56                    12.30
3.76                    14.83
2.28                    9.07
1.24                    6.83
1.88                    6.22
2.76              
1.88
3.12
3.54
3.88
3.02
1.18
2.66
2.28
1.33
1.99
3.15
3.18
4.03
1.16
1.96
3.44
2.37
